# specify 1 workshop item id per line, ex:
# 494372396
# 441344649
550850908
547252823
550747161
547937675
552722973
641499246
641587915
642491463
641575854
638618725
641489075
641515689
642092001
641510753
641304331
637350852
643615147
638531198
607068129
637351306
587950516
564946744
575312620
569916167
565025333
540068166
623436886
588430438
583920201
577333309
617896584
588238794
622119130
588990000
560545593
588941415
564894881
588859229
583821497
588956903
558018431
585770260
573807159
542684362
563105825
584176488
583820600
585008637
606599547
586818000
573808557
572452383
579717457
583821136
584984132
570842177
573898676
573806930
575806276
583401688
560647562
579950284
583405286
607023015
560523904
582908190
585784905
609946851
585785188
612205246
607057423
632421088
624478556
563100435
638617899
638618287
621993039
560533566
607048277
599947198
624352175
585781036
607018623
600299201
562569404
637624010
607046379
607062910
